 3328
 3264
 3328
 3328
 3328
 3264
 3328
 3328
 3328
 3328
 3392
 3456
 3520
 3584
 3712
 3712
 3840
 3904
 4032
 4096
 4160
 4224
 4224
 4288
 4288
 4288
 4288
 4352
 4352
 4352
 4416
 4416
 4480
 4416
 4416
 4480
 4480
 4544
 4608
 4672
 4736
 4864
 4864
 4928
 4992
 5056
 5056
 5056
 5056
 5120
 5120
 5120
 5120
 5120
 5184
 5184
 5184
 5248
 5248
 5248
 5312
 5376
 5376
 5440
 5440
 5504
 5504
 5568
 5632
 5632
 5696
 5760
 5760
 5760
 5824
 5824
 5888
 5888
 5888
 5888
 5952
 5952
 5952
 6016
 6016
 6016
 6016
 6080
 6080
 6144
 6144
 6208
 6208
 6208
 6272
 6272
 6336
 6336
 6400
 6400
 6400
 6464
 6464
 6528
 6528
 6592
 6592
 6656
 6656
 6720
 6720
 6720
 6784
 6784
 6848
 6848
 6912
 6976
 6976
 7040
 7104
 7104
 7168
 7232
 7296
 7360
 7360
 7488
 7552
 7552
 7680
 7680
 7744
 7872
 7872
 7936
 8064
 8064
 8192
 8256
 8320
 8448
 8512
 8640
 8832
 8896
 9024
 9216
 9344
 9536
 9664
 9920
 10176
 10496
 10688
 11008
 11456
 11840
 12224
 12672
 12992
 13312
 13440
 13632
 13760
 13760
 13696
 13632
 13568
 13568
 13504
 13504
 13504
 13504
 13504
 13568
 13568
 13632
 13632
 13696
 13760
 13696
 13696
 13760
 13760
 13824
 13824
 13888
 13952
 14080
 14144
 14144
 14272
 14336
 14464
 14528
 14592
 14656
 14720
 14720
 14784
 14848
 14912
 14912
 14976
 15040
 15040
 15104
 15168
 15232
 15296
 15360
 15424
 15488
 15552
 15680
 15744
 15872
 15936
 16064
 16192
 16256
 16320
 16384
 16448
 16512
 16576
 16640
 16640
 16704
 16768
 16768
 16832
 16896
 16960
 16960
 17024
 17088
 17152
 17216
 17280
 17280
 17344
 17344
 17408
 17472
 17472
 17536
 17600
 17600
 17664
 17664
 17728
 17728
 17792
 17856
 17856
 17920
 17984
 17984
 18048
 18112
 18176
 18176
 18240
 18240
 18304
 18368
 18368
 18432
 18432
 18496
 18496
 18496
 18560
 18624
 18624
 18688
 18688
 18752
 18752
 18816
 18880
 18880
 18944
 18944
 19008
 19008
 19008
 19072
 19072
 19136
 19200
 19200
 19264
 19328
 19328
 19392
 19456
 19456
 19520
 19520
 19584
 19584
 19648
 19712
 19712
 19776
 19840
 19840
 19904
 19968
 20096
 20160
 20288
 20352
 20480
 20544
 20672
 20736
 20864
 20928
 21056
 21120
 21184
 21312
 21440
 21632
 21824
 22080
 22336
 22656
 22784
 23168
 23552
 24000
 24512
 24960
 25472
 25664
 26112
 26432
 26688
 26816
 26816
 26816
 26752
 26688
 26624
 26560
 26496
 26496
 26496
 26496
 26496
 26496
 26496
 26496
 26560
 26560
 26624
 26624
 26688
 26752
 26816
 26880
 26944
 27008
 27072
 27136
 27200
 27264
 27264
 27328
 27392
 27456
 27456
 27520
 27584
 27584
 27648
 27648
 27712
 27712
 27776
 27904
 27968
 28032
 28160
 28224
 28288
 28352
 28416
 28480
 28544
 28608
 28608
 28672
 28672
 28736
 28800
 28800
 28864
 28928
 28992
 29056
 29120
 29184
 29312
 29376
 29504
 29568
 29696
 29696
 29760
 29824
 29824
 29888
 29888
 29952
 29952
 29952
 30016
 30016
 30080
 30144
 30208
 30208
 30272
 30336
 30400
 30400
 30464
 30528
 30528
 30528
 30592
 30592
 30656
 30720
 30720
 30784
 30784
 30848
 30784
 30720
 30720
 30784
 30848
 30912
 30976
 31040
 31168
 31232
 31296
 31360
 31360
 31360
 31424
 31424
 31424
 31424
 31424
 31488
 31488
 31488
 31552
 31616
 31616
 31680
 31744
 31744
 31744
 31808
 31808
 31872
 31872
 31872
 31936
 31936
 31936
 32000
 32000
 32000
 32064
 32064
 32128
 32128
 32192
 32192
 32256
 32320
 32320
 32384
 32384
 32448
 32448
 32512
 32512
 32576
 32640
 32704
 32704
 32832
 32896
 32960
 33024
 33152
 33216
 33216
 33344
 33408
 33472
 33536
 33664
 33728
 33728
 33856
 33856
 33920
 33984
 34048
 34112
 34240
 34240
 34368
 34496
 34688
 34880
 35136
 35392
 35520
 35840
 36224
 36608
 37056
 37504
 38016
 38208
 38720
 39104
 39488
 39744
 39872
 39936
 39872
 39808
 39744
 39616
 39488
 39424
 39360
 39296
 39296
 39296
 39360
 39424
 39488
 39616
 39744
 39808
 39872
 39936
 39936
 40000
 40000
 40064
 40064
 40128
 40128
 40192
 40192
 40256
 40320
 40384
 40384
 40512
 40576
 40640
 40704
 40832
 40896
 40960
 41024
 41088
 41152
 41216
 41280
 41344
 41472
 41472
 41536
 41600
 41728
 41792
 41856
 41984
 42048
 42112
 42176
 42304
 42368
 42432
 42560
 42624
 42624
 42688
 42752
 42816
 42880
 42880
 42944
 43008
 43072
 43072
 43136
 43200
 43264
 43328
 43392
 43392
 43456
 43520
 43584
 43648
 43712
 43712
 43776
 43776
 43840
 43840
 43904
 43968
 43968
 44032
 44032
 44096
 44160
 44160
 44224
 44224
 44288
 44288
 44352
 44416
 44352
 44352
 44352
 44416
 44416
 44480
 44608
 44672
 44736
 44800
 44928
 44992
 44992
 45056
 45056
 45120
 45120
 45120
 45120
 45184
 45184
 45248
 45248
 45312
 45376
 45440
 45440
 45504
 45568
 45632
 45696
 45696
 45760
 45824
 45824
 45888
 45888
 45952
 46016
 46016
 46080
 46080
 46144
 46208
 46336
 46400
 46528
 46656
 46720
 46848
 47040
 47168
 47360
 47552
 47744
 48000
 48064
 48384
 48640
 48960
 49344
 49792
 50240
 50496
 51008
 51456
 51968
 52416
 52800
 52992
 53184
 53184
 53120
 53056
 52864
 52672
 52480
 52352
 52288
 52224
 52224
 52224
 52352
 52480
 52608
 52672
 52800
 52992
 53056
 53120
 53184
 53248
 53248
 53248
 53248
 53248
 53248
 53248
 53248
 53312
 53312
 53376
 53440
 53504
 53568
 53632
 53760
 53760
 53824
 53952
 53952
 54080
 54080
 54144
 54208
 54208
 54272
 54272
 54336
 54400
 54400
 54464
 54528
 54592
 54656
 54720
 54848
 54912
 54976
 55104
 55104
 55168
 55232
 55296
 55360
 55360
 55424
 55424
 55488
 55552
 55616
 55680
 55744
 55808
 55808
 55872
 55936
 56000
 56064
 56128
 56192
 56256
 56256
 56320
 56384
 56448
 56448
 56512
 56576
 56576
 56640
 56640
 56704
 56704
 56768
 56832
 56832
 56832
 56896
 56960
 56960
 57024
 57088
 57088
 57152
 57152
 57216
 57216
 57280
 57344
 57344
 57344
 57408
 57408
 57472
 57472
 57536
 57600
 57600
 57600
 57664
 57664
 57728
 57792
 57792
 57856
 57856
 57856
 57920
 57920
 57984
 58048
 58048
 58048
 58112
 58112
 58112
 58176
 58176
 58240
 58240
 58240
 58304
 58368
 58368
 58432
 58432
 58496
 58496
 58496
 58560
 58560
 58560
 58624
 58624
 58688
 58688
 58688
 58752
 58816
 58816
 58880
 58944
 58944
 59008
 59072
 59136
 59264
 59328
 59392
 59456
 59520
 59584
 59648
 59776
 59840
 59904
 59968
 59968
 60032
 60096
 60160
 60224
 60288
 60416
 60480
 60544
 60672
 60736
 60864
 61056
 61184
 61376
 61504
 61760
 62016
 62336
 62720
 63040
 63424
 63616
 64000
 64384
 64768
 65152
 65472
 192
 320
 384
 448
 448
 448
 448
 384
 320
 256
 128
 128
 64
 64
 64
 64
 64
 64
 128
 192
 192
 320
 384
 384
 512
 512
 640
 640
 704
 768
 768
 832
 832
 832
 832
 896
 896
 896
 896
 960
 960
 1024
 1088
 1152
 1152
 1280
 1344
 1408
 1472
 1536
 1600
 1728
 1728
 1792
 1920
 1920
 1984
 2048
 2112
 2176
 2176
 2240
 2304
 2304
 2368
 2496
 2496
 2624
 2752
 2816
 2944
 3008
 3136
 3200
 3264
 3392
 3456
 3520
 3584
 3584
 3648
 3648
 3648
 3648
 3648
 3648
 3712
 3776
 3776
 3840
 3904
 3968
 4032
 4096
 4160
 4288
 4288
 4352
 4416
 4480
 4480
 4480
 4544
 4544
 4608
 4608
 4672
 4672
 4736
 4736
 4736
 4800
 4864
 4864
 4928
 4992
 5056
 5120
 5120
 5184
 5184
 5248
 5312
 5312
 5376
 5376
 5376
 5440
 5440
 5440
 5504
 5504
 5568
 5632
 5632
 5632
 5696
 5696
 5760
 5824
 5824
 5888
 5888
 5952
 6016
 6016
 6080
 6080
 6080
 6144
 6144
 6208
 6208
 6208
 6272
 6336
 6336
 6336
 6400
 6400
 6464
 6464
 6528
 6592
 6592
 6656
 6656
 6720
 6784
 6784
 6848
 6912
 6912
 6976
 7040
 7104
 7232
 7232
 7360
 7424
 7488
 7616
 7744
 7808
 7936
 8000
 8128
 8320
 8384
 8512
 8704
 8832
 9024
 9216
 9344
 9600
 9728
 10048
 10432
 10816
 11200
 11648
 11904
 12352
 12800
 13120
 13440
 13632
 13696
 13696
 13696
 13568
 13504
 13376
 13312
 13248
 13248
 13248
 13248
 13312
 13312
 13376
 13440
 13504
 13504
 13568
 13632
 13696
 13760
 13760
 13760
 13824
 13824
 13824
 13888
 13888
 13952
 14016
 14080
 14080
 14144
 14272
 14336
 14400
 14464
 14528
 14592
 14656
 14720
 14784
 14848
 14912
 14912
 14976
 14976
 15040
 15104
 15168
 15232
 15296
 15360
 15360
 15424
 15488
 15616
 15680
 15744
 15808
 15808
 15872
 16000
 16064
 16128
 16192
 16320
 16384
 16448
 16512
 16576
 16640
 16704
 16768
 16768
 16832
 16896
 16896
 16896
 16960
 17024
 17088
 17088
 17152
 17152
 17152
 17152
 17216
 17216
 17280
 17344
 17408
 17472
 17536
 17600
 17664
 17664
 17728
 17728
 17728
 17792
 17792
 17792
 17856
 17856
 17856
 17920
 17984
 17984
 18048
 18112
 18112
 18176
 18176
 18240
 18240
 18304
 18304
 18368
 18368
 18368
 18368
 18432
 18496
 18496
 18560
 18560
 18624
 18624
 18688
 18752
 18752
 18816
 18816
 18816
 18880
 18880
 18944
 18944
 18944
 19008
 19008
 19008
 19008
 19072
 19072
 19136
 19136
 19200
 19200
 19264
 19328
 19328
 19392
 19456
 19456
 19520
 19584
 19584
 19648
 19712
 19776
 19840
 19904
 19904
 19968
 20032
 20096
 20160
 20224
 20288
 20288
 20352
 20416
 20544
 20608
 20672
 20736
 20800
 20864
 20928
 21056
 21120
 21248
 21312
 21440
 21504
 21632
 21824
 22016
 22208
 22400
 22656
 22784
 23104
 23488
 23872
 24256
 24704
 25152
 25600
 25792
 26112
 26432
 26560
 26688
 26688
 26624
 26560
 26496
 26432
 26368
 26368
 26368
 26368
 26432
 26432
 26432
 26432
 26496
 26496
 26560
 26624
 26624
 26688
 26752
 26816
 26816
 26880
 26944
 27008
 27008
 27072
 27136
 27200
 27264
 27328
 27456
 27456
 27520
 27584
 27648
 27776
 27840
 27904
 27968
 28032
 28096
 28160
 28224
 28288
 28416
 28480
 28544
 28672
 28736
 28864
 28992
 29120
 29184
 29248
 29376
 29440
 29504
 29568
 29568
 29632
 29632
 29696
 29696
 29760
 29824
 29888
 29952
 29952
 30016
 30080
 30144
 30208
 30272
 30336
 30400
 30400
 30336
 30400
 30400
 30464
 30528
 30592
 30656
 30720
 30784
 30848
 30976
 30976
 31040
 31104
 31104
 31168
 31168
 31168
 31232
 31232
 31296
 31296
 31360
 31360
 31424
 31488
 31552
 31616
 31616
 31616
 31680
 31744
 31744
 31808
 31872
 31872
 31872
 31936
 31936
 32000
 32064
 32064
 32128
 32192
 32192
 32256
 32320
 32384
 32448
 32448
 32512
 32512
 32576
 32640
 32640
 32704
 32704
 32768
 32768
 32832
 32896
 32896
 32960
 33024
 33152
 33216
 33280
 33408
 33536
 33664
 33792
 33920
 34112
 34176
 34304
 34432
 34560
 34752
 34880
 35072
 35328
 35456
 35712
 36096
 36416
 36864
 37248
 37760
 38016
 38464
 38912
 39360
 39616
 39872
 39936
 39936
 39872
 39808
 39680
 39552
 39488
 39424
 39424
 39424
 39424
 39488
 39488
 39552
 39616
 39680
 39744
 39808
 39872
 39936
 40000
 40000
 40000
 40064
 40064
 40128
 40128
 40192
 40192
 40256
 40320
 40320
 40384
 40448
 40512
 40576
 40704
 40768
 40768
 40768
 40832
 40896
 40896
 40960
 41024
 41088
 41152
 41216
 41344
 41408
 41472
 41536
 41600
 41664
 41728
 41792
 41856
 41856
 41920
 41984
 41984
 42048
 42048
 42176
 42240
 42304
 42432
 42496
 42560
 42688
 42752
 42880
 42944
 43008
 43008
 43072
 43072
 43136
 43136
 43200
 43200
 43264
 43264
 43328
 43392
 43392
 43456
 43520
 43584
 43648
 43648
 43712
 43712
 43776
 43776
 43840
 43904
 43904
 43968
 43968
 44032
 44096
 44096
 44096
 44032
 44032
 44096
 44096
 44160
 44288
 44352
 44416
 44480
 44544
 44608
 44672
 44736
 44736
 44736
 44800
 44800
 44800
 44800
 44800
 44864
 44864
 44928
 44928
 44992
 44992
 45056
 45120
 45120
 45184
 45184
 45248
 45248
 45312
 45312
 45312
 45376
 45376
 45376
 45440
 45440
 45504
 45504
 45568
 45568
 45632
 45632
 45696
 45760
 45760
 45824
 45888
 45888
 45888
 45952
 46016
 46080
 46208
 46272
 46400
 46464
 46592
 46720
 46784
 46976
 47040
 47168
 47232
 47360
 47488
 47616
 47744
 47808
 47936
 48000
 48000
 48128
 48256
 48384
 48576
 48768
 48960
 49088
 49408
 49728
 50112
 50496
 50944
 51392
 51584
 52032
 52416
 52736
 52928
 52992
 53056
 52992
 52928
 52864
 52736
 52672
 52672
 52672
 52672
 52672
 52736
 52800
 52864
 52928
 52992
 52992
 53056
 53056
 53056
 53120
 53120
 53120
 53184
 53184
 53248
 53248
 53312
 53376
 53440
 53568
 53632
 53632
 53760
 53824
 53952
 54080
 54144
 54208
 54272
 54336
 54336
 54400
 54400
 54464
 54464
 54464
 54464
 54528
 54528
 54656
 54720
 54784
 54912
 54976
 55104
 55232
 55360
 55488
 55616
 55744
 55872
 55872
 56000
 56064
 56128
 56192
 56256
 56320
 56320
 56384
 56384
 56448
 56512
 56512
 56576
 56576
 56640
 56704
 56704
 56768
 56832
 56896
 56960
 56960
 57024
 57088
 57152
 57216
 57280
 57344
 57344
 57408
 57472
 57472
 57536
 57536
 57600
 57664
 57664
 57664
 57728
 57792
 57856
 57856
 57920
 57920
 57856
 57920
 57920
 57984
 58112
 58176
 58240
 58304
 58368
 58496
 58560
 58560
 58624
 58624
 58624
 58624
 58688
 58688
 58688
 58752
 58752
 58816
 58816
 58880
 58880
 58944
 59008
 59072
 59136
 59200
 59264
 59264
 59328
 59392
 59456
 59520
 59520
 59584
 59584
 59648
 59712
 59712
 59776
 59840
 59968
 60032
 60160
 60288
 60480
 60608
 60800
 60864
 61120
 61312
 61568
 61824
 62144
 62464
 62656
 63040
 63488
 63936
 64448
 64960
 65472
 128
 576
 704
 960
 1024
 1088
 1024
 960
 896
 768
 704
 512
 512
 448
 384
 320
 384
 384
 384
 448
 512
 576
 576
 640
 704
 768
 768
 832
 832
 832
 832
 896
 896
 896
 896
 960
 960
 960
 1024
 1024
 1088
 1152
 1216
 1216
 1280
 1344
 1408
 1472
 1536
 1600
 1664
 1664
 1728
 1792
 1792
 1856
 1856
 1856
 1920
 1984
 1984
 2048
 2048
 2112
 2176
 2176
 2240
 2304
 2368
 2432
 2496
 2560
 2624
 2624
 2752
 2816
 2816
 2880
 2944
 3008
 3008
 3072
 3072
 3200
 3200
 3264
 3328
 3328
 3456
 3520
 3584
 3648
 3648
 3712
 3776
 3840
 3840
 3904
 3968
 3968
 4032
 4096
 4096
 4160
 4224
 4224
 4288
 4352
 4352
 4416
 4480
 4480
 4544
 4608
 4608
 4608
 4672
 4672
 4736
 4736
 4800
 4800
 4800
 4864
 4928
 4928
 4928
 4992
 5056
 5056
 5056
 5120
 5184
 5184
 5248
 5248
 5248
 5312
 5312
 5376
 5376
 5440
 5440
 5504
 5504
 5504
 5568
 5568
 5632
 5632
 5696
 5760
 5760
 5760
 5824
 5888
 5952
 5952
 5952
 5952
 5952
 5888
 5888
 5952
 5952
 6016
 6016
 6080
 6144
 6208
 6272
 6272
 6336
 6336
 6336
 6400
 6400
 6400
 6400
 6400
 6464
 6464
 6464
 6528
 6528
 6528
 6592
 6592
 6656
 6656
 6720
 6720
 6784
 6784
 6848
 6912
 6912
 6976
 7040
 7104
 7168
 7232
 7296
 7360
 7424
 7488
 7552
 7616
 7680
 7744
 7744
 7872
 7872
 8000
 8064
 8064
 8192
 8192
 8320
 8384
 8448
 8576
 8704
 8768
 8896
 9024
 9152
 9344
 9472
 9728
 9984
 10112
 10432
 10752
 11136
 11584
 11904
 12096
 12416
 12736
 12992
 13248
 13376
 13440
 13504
 13504
 13440
 13440
 13376
 13376
 13376
 13376
 13376
 13376
 13440
 13440
 13504
 13504
 13568
 13568
 13632
 13696
 13760
 13824
 13888
 13952
 14080
 14080
 14144
 14272
 14336
 14336
 14400
 14464
 14528
 14528
 14592
 14656
 14656
 14720
 14784
 14784
 14848
 14976
 15040
 15104
 15168
 15232
 15296
 15360
 15424
 15488
 15552
 15616
 15680
 15808
 15808
 15936
 16000
 16128
 16256
 16320
 16384
 16448
 16512
 16576
 16640
 16704
 16768
 16768
 16832
 16832
 16832
 16896
 16960
 17024
 17024
 17088
 17152
 17216
 17216
 17280
 17344
 17408
 17472
 17472
 17536
 17536
 17600
 17664
 17728
 17728
 17792
 17792
 17856
 17920
 17920
 17984
 18048
 18048
 18112
 18176
 18176
 18240
 18240
 18304
 18368
 18368
 18432
 18432
 18496
 18496
 18560
 18560
 18624
 18624
 18688
 18688
 18752
 18752
 18816
 18816
 18880
 18880
 18944
 18944
 19008
 19008
 19072
 19072
 19136
 19136
 19200
 19136
 19136
 19136
 19200
 19264
 19328
 19392
 19456
 19520
 19648
 19712
 19776
 19776
 19840
 19904
 19968
 19968
 20032
 20096
 20160
 20160
 20224
 20352
 20416
 20544
 20672
 20736
 20800
 20928
 21056
 21248
 21376
 21568
 21760
 21888
 22144
 22400
 22720
 23104
 23488
 23936
 24384
 24640
 25088
 25600
 25984
 26368
 26624
 26752
 26816
 26816
 26752
 26688
 26624
 26560
 26496
 26432
 26432
 26432
 26432
 26432
 26432
 26496
 26496
 26496
 26560
 26560
 26624
 26688
 26752
 26816
 26880
 26944
 27008
 27072
 27136
 27200
 27264
 27328
 27328
 27392
 27456
 27456
 27520
 27584
 27648
 27648
 27712
 27776
 27840
 27904
 27968
 28032
 28096
 28160
 28224
 28288
 28352
 28416
 28416
 28480
 28544
 28608
 28608
 28672
 28736
 28800
 28864
 28864
 28928
 28992
 29056
 29184
 29248
 29376
 29440
 29504
 29568
 29632
 29696
 29760
 29824
 29824
 29888
 29888
 29952
 29952
 30016
 30016
 30080
 30080
 30144
 30208
 30144
 30144
 30208
 30208
 30272
 30336
 30400
 30464
 30592
 30656
 30720
 30720
 30784
 30784
 30784
 30848
 30848
 30848
 30848
 30912
 30912
 30976
 30976
 31040
 31104
 31104
 31168
 31168
 31232
 31296
 31296
 31360
 31360
 31424
 31424
 31424
 31488
 31488
 31552
 31552
 31616
 31616
 31616
 31680
 31744
 31744
 31808
 31808
 31872
 31872
 31872
 31936
 31936
 31936
 32000
 32000
 32000
 32064
 32064
 32128
 32128
 32192
 32192
 32256
 32256
 32320
 32384
 32384
 32448
 32512
 32512
 32576
 32576
 32640
 32704
 32768
 32832
 32896
 32960
 32960
 33024
 33088
 33152
 33280
 33344
 33408
 33408
 33536
 33600
 33664
 33728
 33856
 33920
 33984
 34112
 34240
 34368
 34496
 34688
 34880
 35072
 35200
 35456
 35776
 36096
 36480
 36864
 37312
 37504
 38016
 38464
 38848
 39232
 39488
 39680
 39744
 39744
 39744
 39616
 39552
 39424
 39296
 39232
 39232
 39232
 39232
 39296
 39360
 39424
 39552
 39616
 39680
 39744
 39808
 39872
 39872
 39936
 39936
 39936
 40000
 40000
 40064
 40064
 40128
 40192
 40256
 40320
 40384
 40448
 40576
 40640
 40704
 40768
 40832
 40896
 40960
 41024
 41152
 41152
 41280
 41280
 41344
 41408
 41472
 41536
 41600
 41664
 41664
 41792
 41856
 41984
 42112
 42240
 42304
 42432
 42496
 42560
 42624
 42688
 42752
 42816
 42880
 42880
 42880
 42944
 43008
 43072
 43072
 43136
 43200
 43264
 43328
 43328
 43392
 43456
 43520
 43584
 43584
 43584
 43520
 43584
 43584
 43648
 43712
 43776
 43840
 43968
 44032
 44096
 44160
 44224
 44224
 44288
 44288
 44288
 44352
 44352
 44352
 44416
 44416
 44416
 44480
 44544
 44608
 44672
 44736
 44736
 44800
 44864
 44928
 44928
 44992
 44992
 45056
 45056
 45120
 45120
 45184
 45184
 45248
 45312
 45312
 45376
 45440
 45504
 45568
 45632
 45632
 45696
 45696
 45760
 45824
 45824
 45888
 45888
 45952
 45952
 46016
 46080
 46144
 46208
 46272
 46336
 46400
 46528
 46656
 46784
 46912
 47104
 47232
 47424
 47488
 47744
 47936
 48128
 48384
 48704
 49024
 49216
 49600
 49984
 50432
 50944
 51456
 51904
 52352
 52544
 52864
 53056
 53120
 53120
 53056
 52864
 52800
 52608
 52480
 52352
 52224
 52224
 52288
 52288
 52416
 52544
 52736
 52864
 52992
 53056
 53184
 53184
 53248
 53248
 53248
 53248
 53248
 53248
 53248
 53312
 53312
 53376
 53376
 53440
 53504
 53632
 53632
 53696
 53824
 53888
 53952
 54016
 54080
 54080
 54144
 54208
 54208
 54272
 54336
 54336
 54400
 54400
 54464
 54528
 54592
 54656
 54720
 54848
 54848
 54912
 55040
 55104
 55104
 55168
 55232
 55296
 55296
 55360
 55424
 55488
 55552
 55616
 55680
 55744
 55808
 55936
 56000
 56064
 56128
 56192
 56192
 56256
 56256
 56320
 56320
 56384
 56448
 56448
 56512
 56512
 56576
 56640
 56640
 56704
 56704
 56768
 56832
 56832
 56896
 56896
 56960
 56960
 57024
 57024
 57088
 57152
 57152
 57216
 57216
 57152
 57152
 57216
 57216
 57344
 57408
 57472
 57536
 57600
 57664
 57664
 57728
 57728
 57728
 57792
 57792
 57792
 57792
 57856
 57856
 57920
 57920
 57984
 57984
 58048
 58048
 58112
 58112
 58176
 58176
 58240
 58240
 58240
 58304
 58304
 58368
 58368
 58368
 58432
 58432
 58496
 58496
 58560
 58560
 58624
 58624
 58624
 58688
 58688
 58752
 58752
 58816
 58816
 58880
 58880
 58944
 59008
 59136
 59200
 59264
 59328
 59392
 59456
 59584
 59648
 59712
 59776
 59840
 59840
 59968
 60032
 60096
 60160
 60160
 60160
 60224
 60224
 60288
 60352
 60416
 60544
 60608
 60736
 60864
 60992
 61184
 61440
 61696
 61952
 62144
 62464
 62848
 63296
 63808
 64320
 64832
 65088
 0
 192
 512
 640
 768
 832
 832
 832
 768
 704
 512
 448
 320
 192
 128
 64
 0
 0
 0
 0
 0
 64
 64
 128
 192
 320
 384
 512
 576
 640
 768
 768
 832
 896
 896
 960
 960
 960
 960
 960
 960
 1024
 1024
 1024
 1088
 1088
 1088
 1152
 1216
 1280
 1344
 1408
 1472
 1600
 1600
 1728
 1792
 1856
 1920
 1984
 2048
 2112
 2176
 2240
 2304
 2304
 2368
 2432
 2496
 2560
 2624
 2688
 2816
 2880
 3008
 3072
 3136
 3264
 3392
 3392
 3520
 3520
 3584
 3648
 3648
 3712
 3712
 3776
 3776
 3840
 3840
 3904
 3904
 3968
 4032
 4096
 4160
 4224
 4224
 4288
 4352
 4416
 4480
 4480
 4480
 4544
 4608
 4608
 4672
 4672
 4736
 4736
 4800
 4800
 4864
 4928
 4928
 4992
 4992
 5056
 5120
 5120
 5184
 5248
 5248
 5312
 5312
 5376
 5376
 5440
 5440
 5440
 5504
 5504
 5568
 5568
 5568
 5632
 5632
 5696
 5760
 5760
 5824
 5824
 5888
 5952
 5952
 6016
 6016
 6080
 6080
 6144
 6144
 6144
 6208
 6208
 6272
 6272
 6336
 6336
 6336
 6400
 6464
 6464
 6528
 6528
 6592
 6656
 6656
 6720
 6784
 6784
 6848
 6912
 6912
 6976
 7040
 7104
 7168
 7232
 7296
 7424
 7488
 7616
 7680
 7808
 7936
 8000
 8128
 8256
 8320
 8512
 8704
 8768
 8960
 9088
 9280
 9536
 9664
 9984
 10304
 10496
 10880
 11328
 11712
 12096
 12480
 12800
 12992
 13248
 13440
 13504
 13568
 13504
 13440
 13376
 13376
 13312
 13248
 13248
 13312
 13312
 13376
 13376
 13440
 13504
 13568
 13632
 13632
 13632
 13632
 13696
 13696
 13696
 13760
 13760
 13824
 13824
 13888
 13952
 14016
 14080
 14144
 14208
 14272
 14336
 14400
 14464
 14528
 14592
 14656
 14720
 14784
 14784
 14848
 14912
 14912
 14976
 15040
 15104
 15104
 15168
 15296
 15360
 15424
 15552
 15616
 15616
 15744
 15808
 15872
 15936
 16000
 16064
 16128
 16192
 16256
 16320
 16320
 16384
 16448
 16512
 16512
 16576
 16640
 16704
 16832
 16896
 16896
 16960
 17024
 17024
 17088
 17152
 17152
 17216
 17216
 17216
 17280
 17344
 17344
 17408
 17472
 17472
 17536
 17536
 17600
 17600
 17664
 17728
 17728
 17792
 17792
 17856
 17856
 17920
 17920
 17984
 17984
 18048
 18048
 18112
 18112
 18176
 18176
 18240
 18240
 18304
 18304
 18368
 18368
 18432
 18432
 18496
 18496
 18496
 18496
 18432
 18432
 18496
 18560
 18624
 18688
 18816
 18880
 18944
 19008
 19072
 19072
 19072
 19072
 19072
 19072
 19072
 19136
 19136
 19136
 19136
 19136
 19200
 19200
 19264
 19264
 19328
 19328
 19392
 19456
 19520
 19584
 19648
 19712
 19712
 19776
 19904
 19968
 20032
 20096
 20160
 20224
 20288
 20352
 20352
 20416
 20480
 20544
 20544
 20608
 20672
 20736
 20800
 20928
 20992
 21056
 21120
 21184
 21312
 21440
 21568
 21760
 21888
 22016
 22208
 22464
 22720
 22976
 23232
 23488
 23808
 23936
 24320
 24768
 25152
 25536
 25920
 26176
 26304
 26496
 26624
 26624
 26560
 26496
 26432
 26432
 26368
 26368
 26368
 26432
 26432
 26432
 26496
 26496
 26560
 26624
 26688
 26688
 26752
 26752
 26816
 26816
 26880
 26944
 27008
 27072
 27136
 27136
 27200
 27264
 27392
 27456
 27520
 27584
 27712
 27712
 27776
 27840
 27968
 28032
 28096
 28160
 28160
 28224
 28288
 28416
 28480
 28608
 28736
 28800
 28864
 28992
 29120
 29248
 29312
 29440
 29504
 29504
 29568
 29568
 29568
 29568
 29632
 29632
 29696
 29760
 29824
 29888
 29952
 30016
 30080
 30208
 30208
 30272
 30336
 30400
 30400
 30464
 30528
 30528
 30592
 30592
 30656
 30720
 30720
 30784
 30848
 30848
 30912
 30976
 31040
 31040
 31104
 31168
 31232
 31232
 31296
 31360
 31424
 31424
 31488
 31488
 31488
 31552
 31552
 31616
 31616
 31680
 31680
 31744
 31744
 31808
 31872
 31936
 31936
 32000
 32064
 32064
 32128
 32192
 32192
 32256
 32320
 32320
 32320
 32384
 32384
 32448
 32512
 32512
 32576
 32576
 32640
 32640
 32704
 32768
 32832
 32896
 32960
 32960
 33024
 33152
 33216
 33344
 33408
 33536
 33600
 33728
 33920
 34048
 34176
 34368
 34496
 34624
 34816
 35008
 35264
 35520
 35776
 36160
 36480
 36736
 37120
 37632
 38080
 38592
 38976
 39360
 39552
 39744
 39872
 39872
 39808
 39744
 39616
 39488
 39424
 39360
 39360
 39360
 39424
 39424
 39488
 39488
 39488
 39488
 39552
 39616
 39680
 39808
 39808
 39936
 40000
 40064
 40128
 40128
 40192
 40256
 40256
 40256
 40320
 40384
 40384
 40448
 40512
 40512
 40576
 40640
 40704
 40768
 40832
 40896
 41024
 41024
 41088
 41152
 41216
 41280
 41344
 41408
 41408
 41472
 41536
 41600
 41664
 41728
 41792
 41792
 41856
 41920
 41984
 42048
 42112
 42176
 42240
 42304
 42368
 42496
 42560
 42688
 42752
 42816
 42880
 42944
 42944
 43008
 43072
 43072
 43136
 43136
 43200
 43200
 43264
 43328
 43392
 43392
 43456
 43456
 43520
 43584
 43584
 43648
 43712
 43712
 43776
 43776
 43840
 43904
 43904
 43968
 44032
 44032
 44096
 44096
 44160
 44160
 44224
 44224
 44288
 44352
 44352
 44352
 44416
 44480
 44480
 44544
 44608
 44608
 44672
 44736
 44736
 44800
 44800
 44800
 44864
 44864
 44928
 44928
 44992
 44992
 44992
 45056
 45056
 45120
 45120
 45184
 45248
 45248
 45312
 45312
 45312
 45376
 45376
 45376
 45440
 45440
 45504
 45504
 45568
 45568
 45632
 45696
 45696
 45760
 45760
 45824
 45888
 45888
 45952
 46016
 46080
 46144
 46208
 46272
 46336
 46464
 46592
 46720
 46784
 46848
 46976
 47104
 47168
 47296
 47424
 47488
 47552
 47680
 47808
 47936
 48064
 48256
 48448
 48576
 48768
 49024
 49280
 49664
 49984
 50432
 50816
 51008
 51456
 51840
 52224
 52544
 52736
 52864
 52928
 52928
 52864
 52800
 52736
 52672
 52672
 52608
 52672
 52672
 52736
 52736
 52800
 52864
 52928
 52928
 52928
 52992
 52992
 52928
 52992
 52992
 52992
 53056
 53120
 53184
 53248
 53312
 53440
 53504
 53568
 53632
 53696
 53824
 53888
 54016
 54080
 54080
 54208
 54208
 54272
 54272
 54272
 54336
 54336
 54400
 54400
 54464
 54464
 54528
 54656
 54720
 54784
 54848
 54976
 55104
 55232
 55360
 55488
 55552
 55680
 55808
 55872
 56000
 56064
 56128
 56192
 56192
 56256
 56320
 56320
 56384
 56384
 56448
 56448
 56512
 56576
 56576
 56640
 56704
 56768
 56832
 56896
 56960
 57024
 57024
 57024
 57024
 57024
 57024
 57088
 57152
 57216
 57280
 57408
 57472
 57600
 57600
 57664
 57728
 57792
 57792
 57856
 57856
 57856
 57856
 57920
 57920
 57920
 57984
 58048
 58048
 58112
 58176
 58240
 58304
 58368
 58432
 58496
 58496
 58560
 58560
 58560
 58624
 58624
 58688
 58688
 58752
 58752
 58816
 58816
 58880
 58944
 59008
 59072
 59136
 59200
 59264
 59328
 59328
 59392
 59456
 59456
 59520
 59520
 59584
 59648
 59648
 59712
 59776
 59840
 59904
 60032
 60160
 60288
 60416
 60480
 60672
 60800
 60992
 61184
 61376
 61568
 61696
 61952
 62272
 62592
 62976
 63360
 63872
 64064
 64576
 65088
 64
 320
 704
 832
 960
 1152
 1152
 1152
 1088
 960
 832
 768
 576
 512
 512
 384
 384
 384
 448
 448
 512
 512
 640
 640
 704
 768
 832
 896
 896
 896
 960
 960
 960
 960
 960
 1024
 1024
 1088
 1088
 1152
 1152
 1216
 1216
 1280
 1344
 1408
 1472
 1472
 1536
 1600
 1664
 1728
 1728
 1792
 1856
 1856
 1920
 1920
 1984
 2048
 2048
 2112
 2112
 2176
 2176
 2240
 2304
 2368
 2432
 2432
 2560
 2560
 2624
 2688
 2752
 2816
 2880
 2880
 2944
 3008
 3008
 3072
 3072
 3136
 3200
 3264
 3328
 3392
 3456
 3520
 3584
 3648
 3776
 3776
 3904
 3968
 3968
 4032
 4096
 4096
 4160
 4160
 4160
 4224
 4224
 4288
 4288
 4352
 4352
 4416
 4480
 4544
 4544
 4608
 4672
 4672
 4736
 4736
 4800
 4800
 4800
 4864
 4864
 4928
 4928
 4992
 4992
 4992
 5056
 5056
 5120
 5120
 5120
 5056
 5056
 5120
 5120
 5248
 5312
 5376
 5504
 5568
 5568
 5632
 5696
 5696
 5696
 5696
 5696
 5696
 5696
 5760
 5760
 5760
 5760
 5760
 5824
 5888
 5888
 5952
 5952
 5952
 6016
 6080
 6080
 6144
 6144
 6144
 6208
 6208
 6208
 6272
 6272
 6272
 6336
 6336
 6336
 6400
 6400
 6464
 6464
 6528
 6528
 6592
 6592
 6656
 6656
 6720
 6720
 6720
 6784
 6784
 6784
 6848
 6848
 6912
 6912
 6976
 7040
 7104
 7232
 7296
 7360
 7424
 7488
 7616
 7680
 7744
 7744
 7872
 7872
 7936
 8000
 8064
 8192
 8192
 8256
 8256
 8320
 8384
 8448
 8448
 8576
 8576
 8704
 8832
 8896
 9088
 9280
 9408
 9664
 9792
 10048
 10368
 10752
 11136
 11584
 11840
 12288
 12672
 13120
 13440
 13696
 13888
 13952
 13952
 13888
 13824
 13760
 13632
 13632
 13632
 13632
 13632
 13632
 13696
 13696
 13760
 13760
 13824
 13824
 13888
 13888
 13952
 13952
 14016
 14016
 14080
 14080
 14144
 14208
 14272
 14336
 14400
 14464
 14528
 14592
 14656
 14720
 14848
 14912
 14912
 14976
 15040
 15104
 15168
 15168
 15232
 15296
 15296
 15360
 15424
 15488
 15552
 15680
 15744
 15808
 15936
 16000
 16128
 16256
 16384
 16448
 16512
 16576
 16640
 16640
 16704
 16768
 16768
 16832
 16832
 16896
 16960
 16960
 17024
 17088
 17152
 17152
 17216
 17280
 17344
 17408
 17408
 17472
 17536
 17536
 17600
 17664
 17664
 17728
 17792
 17792
 17856
 17856
 17920
 17984
 17984
 18048
 18112
 18176
 18176
 18176
 18240
 18304
 18304
 18368
 18432
 18432
 18432
 18496
 18496
 18560
 18560
 18624
 18624
 18688
 18688
 18752
 18816
 18816
 18880
 18880
 18944
 18944
 19008
 19008
 19072
 19072
 19136
 19136
 19200
 19200
 19264
 19328
 19328
 19392
 19392
 19456
 19456
 19520
 19584
 19584
 19648
 19712
 19712
 19776
 19840
 19904
 19968
 20032
 20096
 20160
 20224
 20352
 20480
 20608
 20672
 20800
 20928
 20992
 21120
 21248
 21440
 21632
 21824
 22080
 22144
 22464
 22784
 23104
 23488
 23936
 24320
 24512
 24960
 25344
 25664
 26048
 26304
 26432
 26560
 26560
 26560
 26560
 26496
 26496
 26432
 26432
 26432
 26432
 26432
 26432
 26432
 26496
 26496
 26496
 26496
 26560
 26560
 26624
 26688
 26752
 26816
 26880
 26944
 27008
 27072
 27136
 27200
 27264
 27264
 27392
 27392
 27456
 27520
 27520
 27584
 27648
 27648
 27712
 27776
 27840
 27904
 27968
 28032
 28096
 28160
 28224
 28288
 28352
 28416
 28416
 28480
 28544
 28608
 28672
 28736
 28800
 28864
 28928
 28928
 28992
 29056
 29120
 29248
 29312
 29376
 29376
 29440
 29504
 29568
 29632
 29696
 29760
 29824
 29824
 29888
 29952
 29952
 30016
 30080
 30144
 30144
 30208
 30208
 30272
 30272
 30336
 30400
 30400
 30464
 30464
 30528
 30592
 30592
 30656
 30656
 30720
 30720
 30784
 30784
 30848
 30912
 30912
 30976
 30976
 31040
 31040
 31104
 31104
 31168
 31168
 31232
 31232
 31296
 31296
 31360
 31360
 31424
 31424
 31488
 31488
 31552
 31552
 31552
 31616
 31616
 31680
 31680
 31744
 31744
 31808
 31808
 31872
 31872
 31872
 31936
 31936
 32000
 32000
 32000
 32064
 32064
 32064
 32128
 32128
 32192
 32192
 32256
 32256
 32320
 32384
 32384
 32448
 32448
 32512
 32512
 32576
 32640
 32704
 32768
 32832
 32896
 32960
 33024
 33088
 33152
 33280
 33344
 33408
 33536
 33536
 33600
 33728
 33792
 33856
 33984
 34048
 34112
 34240
 34368
 34496
 34688
 34816
 35072
 35264
 35392
 35648
 35968
 36352
 36736
 37184
 37632
 37824
 38144
 38528
 38848
 39104
 39296
 39424
 39424
 39488
 39424
 39360
 39296
 39232
 39232
 39232
 39232
 39232
 39296
 39360
 39360
 39424
 39488
 39488
 39552
 39616
 39616
 39680
 39744
 39808
 39872
 39872
 40000
 40064
 40128
 40192
 40256
 40320
 40384
 40448
 40512
 40576
 40640
 40704
 40768
 40768
 40832
 40896
 40960
 41024
 41088
 41216
 41280
 41280
 41344
 41472
 41536
 41600
 41664
 41728
 41792
 41920
 41984
 42112
 42176
 42304
 42432
 42496
 42560
 42624
 42688
 42752
 42752
 42752
 42752
 42752
 42816
 42880
 42944
 43008
 43072
 43136
 43200
 43264
 43328
 43392
 43520
 43520
 43584
 43648
 43648
 43712
 43712
 43776
 43776
 43776
 43840
 43840
 43904
 43968
 44032
 44032
 44096
 44160
 44224
 44224
 44288
 44288
 44352
 44352
 44416
 44480
 44480
 44544
 44544
 44608
 44672
 44672
 44736
 44736
 44800
 44864
 44864
 44928
 44992
 44992
 45056
 45056
 45120
 45184
 45248
 45248
 45312
 45376
 45376
 45440
 45440
 45504
 45568
 45568
 45632
 45632
 45696
 45696
 45760
 45824
 45824
 45888
 45952
 45952
 46016
 46080
 46144
 46208
 46272
 46400
 46464
 46528
 46656
 46784
 46912
 47040
 47232
 47424
 47488
 47680
 47936
 48128
 48448
 48704
 49088
 49216
 49664
 50112
 50560
 51072
 51584
 52096
 52480
 52672
 52992
 53120
 53184
 53120
 52992
 52864
 52736
 52608
 52416
 52288
 52224
 52224
 52288
 52288
 52416
 52544
 52736
 52800
 52928
 52992
 53056
 53056
 53120
 53120
 53184
 53184
 53248
 53248
 53248
 53312
 53312
 53376
 53440
 53504
 53568
 53632
 53696
 53760
 53824
 53888
 53952
 54016
 54080
 54144
 54144
 54208
 54272
 54336
 54336
 54400
 54400
 54464
 54528
 54592
 54656
 54720
 54784
 54848
 54912
 54976
 55040
 55104
 55168
 55232
 55232
 55296
 55360
 55424
 55424
 55488
 55552
 55680
 55744
 55808
 55872
 55936
 56000
 56064
 56128
 56192
 56192
 56256
 56256
 56320
 56384
 56384
 56448
 56448
 56448
 56448
 56448
 56512
 56576
 56640
 56704
 56768
 56832
 56896
 56960
 56960
 57024
 57024
 57024
 57088
 57088
 57152
 57152
 57216
 57216
 57216
 57280
 57344
 57344
 57408
 57472
 57472
 57536
 57536
 57600
 57600
 57664
 57664
 57664
 57728
 57728
 57792
 57792
 57856
 57856
 57920
 57920
 57984
 57984
 58048
 58048
 58112
 58112
 58176
 58176
 58176
 58240
 58240
 58304
 58304
 58368
 58368
 58432
 58432
 58432
 58496
 58496
 58560
 58560
 58560
 58624
 58624
 58688
 58688
 58752
 58816
 58816
 58880
 58880
 58944
 59008
 59072
 59136
 59200
 59264
 59264
 59328
 59456
 59520
 59584
 59648
 59712
 59776
 59840
 59904
 59968
 60032
 60096
 60160
 60224
 60288
 60416
 60480
 60608
 60672
 60800
 60928
 60992
 61184
 61376
 61568
 61824
 62080
 62464
 62592
 62976
 63424
 63936
 64384
 64832
 65280
 0
 128
 448
 576
 704
 704
 704
 640
 640
 512
 384
 320
 192
 128
 64
 0
 0
 0
 0
 64
 64
 128
 128
 192
 256
 256
 384
 384
 512
 576
 576
 704
 704
 768
 832
 832
 832
 896
 896
 896
 960
 960
 960
 1024
 1024
 1088
 1088
 1152
 1216
 1280
 1344
 1408
 1472
 1536
 1664
 1664
 1792
 1792
 1920
 1984
 1984
 2048
 2176
 2176
 2240
 2304
 2304
 2368
 2432
 2496
 2624
 2624
 2752
 2880
 2944
 3072
 3136
 3200
 3328
 3392
 3456
 3520
 3584
 3584
 3648
 3648
 3712
 3712
 3776
 3840
 3840
 3904
 3904
 3968
 4032
 4032
 4096
 4160
 4224
 4288
 4352
 4352
 4416
 4416
 4352
 4416
 4416
 4416
 4480
 4544
 4608
 4672
 4736
 4800
 4864
 4928
 4992
 4992
 5056
 5120
 5120
 5120
 5184
 5184
 5184
 5184
 5248
 5248
 5312
 5312
 5376
 5376
 5440
 5440
 5504
 5568
 5632
 5632
 5696
 5696
 5760
 5760
 5824
 5824
 5824
 5888
 5952
 5952
 5952
 6016
 6016
 6080
 6080
 6144
 6144
 6208
 6208
 6272
 6336
 6336
 6400
 6400
 6464
 6464
 6528
 6592
 6592
 6656
 6656
 6720
 6720
 6784
 6784
 6848
 6848
 6912
 6976
 7040
 7104
 7232
 7232
 7360
 7424
 7552
 7616
 7680
 7744
 7872
 7936
 8064
 8128
 8256
 8384
 8448
 8640
 8832
 8896
 9152
 9344
 9472
 9792
 9920
 10304
 10688
 11072
 11520
 11776
 12224
 12672
 13120
 13440
 13696
 13824
 13824
 13760
 13696
 13568
 13504
 13376
 13312
 13312
 13312
 13312
 13312
 13376
 13440
 13568
 13632
 13760
 13760
 13824
 13824
 13824
 13888
 13888
 13888
 13888
 13888
 13888
 13952
 14016
 14016
 14080
 14080
 14208
 14208
 14272
 14336
 14336
 14400
 14464
 14528
 14592
 14656
 14784
 14848
 14976
 15040
 15040
 15168
 15168
 15232
 15296
 15360
 15424
 15424
 15488
 15552
 15552
 15616
 15680
 15744
 15808
 15808
 15936
 16000
 16128
 16192
 16320
 16384
 16448
 16512
 16640
 16704
 16704
 16768
 16832
 16832
 16896
 16896
 16896
 16960
 17024
 17024
 17088
 17152
 17152
 17216
 17280
 17344
 17344
 17408
 17408
 17472
 17472
 17536
 17536
 17600
 17664
 17664
 17664
 17728
 17792
 17792
 17856
 17856
 17856
 17920
 17920
 17984
 17984
 18048
 18048
 18112
 18176
 18176
 18240
 18240
 18304
 18304
 18368
 18368
 18368
 18432
 18432
 18496
 18560
 18560
 18624
 18624
 18688
 18688
 18752
 18752
 18816
 18816
 18880
 18880
 18944
 18944
 18944
 19008
 19008
 19008
 19072
 19072
 19072
 19136
 19136
 19200
 19200
 19200
 19264
 19328
 19328
 19392
 19456
 19456
 19520
 19520
 19584
 19648
 19712
 19840
 19904
 19968
 20032
 20096
 20160
 20224
 20288
 20352
 20416
 20480
 20480
 20544
 20608
 20672
 20672
 20672
 20736
 20736
 20800
 20864
 20928
 20992
 21120
 21248
 21312
 21440
 21632
 21760
 21952
 22208
 22464
 22784
 22912
 23296
 23680
 24128
 24576
 25024
 25536
 25728
 26112
 26432
 26688
 26752
 26816
 26752
 26688
 26624
 26496
 26432
 26368
 26368
 26432
 26432
 26496
 26496
 26560
 26624
 26688
 26688
 26752
 26752
 26816
 26816
 26816
 26880
 26880
 26944
 26944
 26944
 27008
 27072
 27136
 27200
 27328
 27392
 27456
 27520
 27648
 27712
 27776
 27840
 27968
 27968
 28032
 28096
 28160
 28224
 28288
 28416
 28480
 28480
 28608
 28736
 28864
 28992
 29056
 29184
 29248
 29376
 29440
 29504
 29568
 29632
 29632
 29696
 29696
 29760
 29760
 29824
 29888
 29952
 29952
 30016
 30080
 30144
 30208
 30272
 30272
 30400
 30400
 30464
 30528
 30592
 30592
 30656
 30720
 30720
 30784
 30784
 30848
 30848
 30912
 30976
 30976
 31040
 31104
 31168
 31104
 31104
 31104
 31168
 31168
 31296
 31360
 31488
 31552
 31680
 31744
 31808
 31808
 31872
 31872
 31872
 31872
 31872
 31936
 31936
 31936
 32000
 32000
 32064
 32064
 32128
 32192
 32192
 32256
 32320
 32320
 32384
 32448
 32512
 32512
 32576
 32640
 32640
 32704
 32768
 32768
 32832
 32832
 32896
 32896
 32960
 33024
 33152
 33216
 33280
 33344
 33472
 33664
 33792
 33920
 34112
 34176
 34368
 34496
 34688
 34944
 35136
 35392
 35648
 35840
 36160
 36544
 36928
 37376
 37888
 38336
 38528
 38912
 39232
 39488
 39616
 39680
 39616
 39616
 39552
 39488
 39424
 39360
 39360
 39360
 39360
 39360
 39424
 39424
 39488
 39488
 39552
 39616
 39616
 39680
 39744
 39808
 39872
 39936
 40000
 40000
 40064
 40064
 40128
 40192
 40256
 40256
 40320
 40384
 40448
 40448
 40512
 40576
 40640
 40704
 40768
 40832
 40896
 40896
 40960
 41024
 41088
 41152
 41216
 41280
 41344
 41408
 41472
 41536
 41600
 41600
 41664
 41792
 41856
 41920
 41984
 42048
 42112
 42112
 42176
 42240
 42304
 42432
 42496
 42624
 42624
 42688
 42752
 42816
 42880
 42944
 42944
 43008
 43008
 43072
 43136
 43200
 43200
 43264
 43328
 43328
 43392
 43456
 43456
 43520
 43584
 43648
 43648
 43648
 43712
 43776
 43776
 43840
 43904
 43904
 43968
 44032
 44032
 44096
 44096
 44160
 44224
 44224
 44288
 44288
 44352
 44352
 44416
 44480
 44480
 44544
 44544
 44608
 44672
 44672
 44736
 44736
 44800
 44800
 44800
 44864
 44800
 44736
 44736
 44800
 44864
 44928
 44992
 45056
 45184
 45248
 45312
 45376
 45376
 45376
 45440
 45440
 45440
 45440
 45440
 45440
 45440
 45504
 45504
 45504
 45568
 45568
 45632
 45696
 45696
 45760
 45824
 45888
 45888
 45952
 46016
 46080
 46144
 46208
 46272
 46400
 46528
 46592
 46656
 46784
 46848
 46976
 47104
 47168
 47232
 47296
 47424
 47552
 47680
 47808
 47936
 48000
 48192
 48320
 48576
 48768
 49088
 49344
 49728
 49856
 50240
 50688
 51136
 51584
 51968
 52288
 52480
 52736
 52864
 52928
 52928
 52864
 52736
 52672
 52608
 52544
 52544
 52544
 52608
 52672
 52736
 52736
 52800
 52864
 52928
 52928
 52992
 52992
 52992
 52992
 53056
 53056
 53120
 53184
 53184
 53248
 53312
 53376
 53440
 53568
 53632
 53696
 53824
 53824
 53952
 54016
 54144
 54208
 54272
 54272
 54336
 54336
 54400
 54400
 54400
 54464
 54464
 54528
 54528
 54592
 54720
 54784
 54912
 54976
 55104
 55232
 55296
 55424
 55552
 55680
 55808
 55936
 56000
 56064
 56128
 56192
 56192
 56256
 56256
 56256
 56256
 56320
 56320
 56384
 56448
 56512
 56576
 56640
 56704
 56768
 56832
 56896
 56960
 57024
 57024
 57024
 57088
 57152
 57152
 57216
 57280
 57280
 57344
 57408
 57472
 57472
 57536
 57600
 57664
 57728
 57728
 57792
 57856
 57856
 57920
 57920
 57984
 57984
 58048
 58048
 58112
 58176
 58240
 58240
 58304
 58304
 58368
 58432
 58432
 58496
 58560
 58560
 58560
 58624
 58688
 58688
 58752
 58816
 58816
 58880
 58816
 58816
 58880
 58880
 58944
 59072
 59136
 59200
 59264
 59392
 59456
 59520
 59584
 59648
 59712
 59712
 59776
 59776
 59840
 59904
 59968
 59968
 60032
 60160
 60224
 60352
 60544
 60672
 60864
 60928
 61184
 61376
 61696
 61952
 62272
 62656
 63040
 63232
 63680
 64192
 64704
 65280
 192
 448
 768
 960
 1024
 1152
 1216
 1152
 1024
 960
 768
 704
 512
 512
 448
 384
 384
 384
 384
 448
 512
 512
 640
 640
 704
 768
 768
 768
 768
 768
 832
 832
 832
 832
 896
 896
 960
 960
 1024
 1088
 1088
 1216
 1280
 1344
 1408
 1472
 1536
 1600
 1600
 1664
 1728
 1728
 1792
 1792
 1792
 1856
 1856
 1920
 1920
 1984
 1984
 2048
 2112
 2176
 2176
 2240
 2304
 2368
 2432
 2496
 2560
 2624
 2688
 2688
 2752
 2816
 2816
 2880
 2944
 2944
 3008
 3008
 3072
 3136
 3200
 3200
 3264
 3264
 3264
 3328
 3328
 3328
 3328
 3328
 3264
 3328
 3264
 3264
 3264
 3264
 3264
 3264
 3328
 3264
 3264
 3264
 3264
 3264
 3264
 3264
 3264
 3264
 3264
 3264
 3264
 3264
 3264
 3264
 3264
 3328
 3264
 3264
 3264
 3264
 3264
 3264
 3264
 3328
 3328
 3264
 3264
 3328
 3264
 3264
 3264
 3264
 3264
 3328
 3264
 3264
 3264
 3264
 3264
 3264
 3264
 3264
 3264
 3264
 3264
 3264
 3264
 3264
 3264
 3264
 3264
 3264
 3264
 3264
 3264
 3264
 3264
 3264
 3264
 3264
 3264
 3264
 3264
 3264
 3328
 3264
 3264
 3264
 3264
 3264
 3264
 3264
 3264
 3264
 3264
 3264
 3264
 3264
 3264
 3264
 3264
 3264
 3264
 3264
 3264
 3264
 3264
 3264
 3264
 3264
 3328
 3264
 3264
 3264
 3264
 3264
 3264
 3264
 3264
 3264
 3264
 3264
 3264
 3264
 3264
 3264
 3264
 3264
 3328
 3264
 3264
 3264
 3264
 3264
 3264
 3264
 3264
 3264
 3264
 3264
 3264
 3264
 3264
 3264
 3264
 3264
 3264
 3264
 3264
 3328
 3264
 3328
 3264
 3264
 3264
 3264
 3264
 3264
 3264
 3264
 3264
 3264
 3264
 3264
 3264
 3264
 3264
 3264
 3264
 3264
 3264
 3264
 3264
 3328
 3264
 3264
 3328
 3264
 3264
 3264
 3264
 3264
 3264
 3264
 3264
 3328
 3264
 3264
 3264
 3328
 3264
 3264
 3264
 3264
 3264
 3264
 3264
 3264
 3264
 3264
 3264
 3264
 3264
 3264
 3264
 3264
 3264
 3264
 3264
 3264
 3264
 3328
 3264
 3264
 3264
 3264
 3264
 3328
 3264
 3264
 3264
 3264
 3264
 3264
 3328
 3328
 3328
 3264
 3264
 3264
 3328
 3264
 3264
 3264
 3264
 3264
 3264
 3264
 3264
 3264
 3264
 3264
 3264
 3264
 3328
 3264
 3328
 3264
 3264
 3328
 3264
 3264
 3264
 3264
 3264
 3264
 3264
 3264
 3328
 3264
 3264
 3264
 3264
 3264
 3264
 3264
 3328
 3328
 3264
 3264
 3264
 3264
 3264
 3264
 3264
 3328
 3264
 3264
 3264
 3264
 3264
 3264
 3264
 3264
 3328
 3328
 3264
 3264
 3264
 3264
 3264
 3264
 3264
 3264
 3264
 3264
 3264
 3264
 3264
 3264
 3264
 3264
 3264
 3264
 3264
 3264
 3264
 3264
 3264
 3264
 3264
 3264
 3264
 3264
 3264
 3264
 3264
 3264
 3264
 3264
 3264
 3264
 3264
 3264
 3328
 3264
 3264
 3264
 3264
 3264
 3264
 3264
 3264
 3264
 3264
 3264
 3264
 3264
 3264
 3264
 3264
 3264
 3264
 3264
 3264
 3264
 3264
 3264
 3264
 3264
 3264
 3264
 3328
 3264
 3328
 3264
 3264
 3264
 3264
 3264
 3264
 3264
 3264
 3264
 3264
 3328
 3264
 3264
 3264
 3264
 3264
 3264
 3264
 3264
 3264
 3264
 3328
 3328
 3328
 3264
 3264
 3264
 3264
 3264
 3264
 3264
 3264
 3264
 3264
 3264
 3264
 3264
 3264
 3264
 3264
 3264
 3264
 3264
 3328
 3264
 3264
 3264
 3264
 3328
 3328
 3264
 3264
 3264
 3264
 3264
 3264
 3264
 3264
 3264
 3264
 3264
 3264
 3264
 3264
 3328
 3264
 3264
 3264
 3264
 3264
 3264
 3264
 3328
 3264
 3264
 3264
 3264
 3328
 3328
 3328
 3328
 3264
 3264
 3264
 3264
 3264
 3264
 3264
 3264
 3264
 3264
 3264
 3264
 3264
 3328
 3328
 3264
 3264
 3328
 3264
 3264
 3264
 3264
 3328
 3264
 3264
 3264
 3264
 3264
 3264
 3264
 3264
 3264
 3264
 3264
 3264
 3264
 3264
 3264
 3264
 3264
 3264
 3264
 3264
 3328
 3328
 3264
 3264
 3264
 3264
 3264
 3264
 3264
 3264
 3328
 3328
 3328
 3264
 3264
 3264
 3264
 3264
 3264
 3264
 3328
 3264
 3264
 3264
 3328
 3328
 3264
 3264
 3264
 3264
 3264
 3264
 3264
 3264
 3264
 3264
 3264
 3264
 3328
 3264
 3264
 3264
 3264
 3264
 3264
 3264
 3264
 3264
 3264
 3328
 3264
 3328
 3328
 3328
 3264
 3264
 3264
 3264
 3264
 3264
 3264
 3264
 3264
 3264
 3264
 3264
 3264
 3264
 3264
 3328
 3264
 3264
 3264
 3264
 3264
 3264
 3264
 3264
 3264
 3264
 3264
 3264
 3264
 3264
 3264
 3264
 3328
 3264
 3264
 3264
 3264
 3264
 3264
 3264
 3264
 3264
 3328
 3264
 3264
 3264
 3264
 3264
 3264
 3264
 3264
 3264
 3264
 3264
 3264
 3264
 3264
 3264
 3264
 3264
 3264
 3264
 3264
 3328
 3264
 3264
 3264
 3264
 3264
 3264
 3264
 3328
 3328
 3264
 3264
 3264
 3264
 3264
 3264
 3264
 3264
 3264
 3264
 3264
 3264
 3264
 3264
 3328
 3264
 3264
 3328
 3264
 3264
 3328
 3264
 3264
 3264
 3264
 3264
 3264
 3264
 3264
 3264
 3264
 3264
 3264
 3264
 3264
 3264
 3264
 3264
 3264
 3264
 3264
 3264
 3264
 3328
 3264
 3328
 3328
 3264
 3264
 3264
 3264
 3264
 3264
 3328
 3264
 3264
 3264
 3264
 3264
 3264
 3264
 3264
 3264
 3264
 3264
 3264
 3264
 3264
 3264
 3264
 3264
 3264
 3264
 3328
 3264
 3264
 3264
 3264
 3264
 3264
 3328
 3264
 3264
 3264
 3264
 3264
 3264
 3264
 3264
 3264
 3264
 3264
 3264
 3264
 3264
 3264
 3264
 3264
 3264
 3264
 3264
 3264
 3264
 3264
 3264
 3264
 3264
 3264
 3264
 3264
 3264
 3264
