0
64
64
128
192
256
256
320
384
384
448
448
512
512
512
576
576
640
640
640
640
704
704
704
704
768
768
832
832
832
896
896
896
896
960
960
1024
1088
1088
1152
1216
1280
1344
1408
1408
1472
1536
1536
1600
1664
1664
1664
1664
1664
1728
1728
1728
1792
1792
1792
1856
1856
1856
1920
1920
1920
1984
1984
1984
1984
2048
2048
2112
2112
2112
2176
2176
2176
2240
2240
2240
2240
2304
2304
2368
2368
2368
2368
2432
2432
2432
2432
2496
2496
2560
2560
2560
2624
2624
2624
2688
2688
2688
2752
2752
2752
2752
2752
2816
2816
2816
2816
2816
2880
2880
2880
2880
2944
2944
2944
2944
2944
3008
3008
3008
3008
3008
3072
3072
3072
3072
3072
3136
3136
3136
3136
3200
3200
3200
3200
3200
3264
3264
3264
3264
3328
3328
3328
3328
3392
3392
3392
3392
3392
3456
3456
3456
3456
3520
3520
3520
3520
3520
3584
3584
3584
3584
3584
3584
3648
3648
3648
3648
3712
3712
3712
3712
3776
3776
3840
3840
3904
3968
3968
4032
4096
4160
4224
4288
4352
4480
4544
4672
4672
4672
4736
4864
4928
5120
5248
5312
5440
5568
5696
5760
5824
5888
5888
5888
5952
5888
5952
5952
5952
5952
5952
6016
6080
6144
6208
6400
6528
6656
6848
6976
7168
7424
7552
7872
8128
8320
8704
8896
9280
9728
9984
10432
10944
11328
11712
11840
11968
12032
11968
11968
11904
11840
11840
11840
11840
11840
11840
11840
11840
11904
11904
11904
11968
11968
11968
12032
12032
12032
12096
12160
12288
12416
12544
12672
12800
12928
12928
13056
13056
13120
13120
13120
13120
13184
13184
13248
13248
13312
13312
13376
13440
13504
13568
13632
13696
13760
13824
13888
13952
14016
14080
14144
14208
14272
14400
14464
14528
14592
14656
14784
14912
15040
15168
15232
15360
15488
15616
15680
15744
15744
15808
15808
15808
15872
15872
15936
16000
16064
16064
16128
16192
16256
16320
16384
16448
16512
16512
16512
16512
16576
16704
16832
16960
17024
17152
17280
17408
17472
17472
17536
17536
17600
17600
17664
17728
17792
17856
17920
17920
18048
18112
18176
18240
18304
18368
18368
18432
18496
18560
18624
18688
18752
18880
18880
19008
19136
19200
19392
19520
19648
19840
19968
20160
20352
20608
20928
21248
21632
21824
22336
22848
23488
24000
24448
24896
25280
25408
25600
25664
25600
25600
25536
25472
25472
25472
25472
25536
25536
25600
25600
25664
25728
25728
25728
25792
25856
25856
25920
25984
26048
26112
26176
26240
26304
26432
26496
26496
26560
26688
26688
26752
26752
26816
26816
26816
26816
26880
26880
26880
26944
26944
27008
27008
27072
27072
27136
27136
27200
27264
27264
27328
27328
27392
27456
27520
27584
27648
27712
27776
27776
27840
27840
27840
27904
27904
27904
27968
27968
28032
28032
28096
28096
28096
28160
28224
28224
28224
28288
28288
28288
28352
28352
28352
28416
28416
28416
28480
28480
28480
28480
28480
28544
28544
28608
28608
28608
28672
28672
28672
28736
28736
28800
28800
28864
28864
28864
28928
28928
28928
28928
28992
28992
28992
28992
29056
29056
29056
29056
29120
29120
29120
29120
29184
29184
29184
29184
29248
29248
29248
29248
29312
29312
29312
29312
29376
29376
29376
29376
29376
29440
29440
29440
29440
29504
29504
29568
29568
29568
29568
29632
29632
29632
29696
29696
29696
29760
29760
29760
29760
29824
29824
29824
29824
29888
29888
29888
29952
29952
29952
30016
30016
30080
30080
30144
30208
30272
30336
30400
30464
30528
30592
30656
30720
30912
30976
31104
31296
31424
31616
31744
31872
31936
31936
32000
32000
32000
32000
32000
32000
32064
32064
32064
32128
32192
32256
32384
32512
32640
32832
33088
33344
33600
33920
34240
34432
34816
35200
35648
36160
36608
37056
37504
37696
37952
38144
38208
38144
38080
38080
38016
38016
38016
38016
37952
38016
38016
38016
38016
38016
38016
38080
38080
38144
38144
38208
38208
38272
38336
38464
38528
38656
38784
38848
38912
39040
39104
39168
39232
39296
39296
39360
39360
39360
39424
39424
39488
39552
39552
39616
39680
39680
39744
39808
39872
39936
40000
40064
40128
40192
40256
40384
40448
40448
40512
40576
40640
40704
40704
40768
40896
40896
41024
41152
41280
41408
41536
41600
41664
41792
41856
41920
41920
41984
41984
42048
42048
42112
42176
42240
42304
42368
42368
42432
42496
42560
42624
42688
42816
42880
42944
42944
42944
42944
42944
43072
43136
43264
43328
43456
43584
43712
43840
43904
43968
44032
44032
44096
44096
44096
44160
44224
44288
44352
44352
44480
44544
44608
44672
44800
44864
44928
44992
45120
45248
45312
45376
45504
45632
45696
45888
46080
46272
46528
46784
47168
47360
47808
48320
48832
49472
50112
50752
51264
51456
51776
51904
51904
51776
51584
51456
51392
51264
51264
51328
51328
51392
51456
51520
51584
51648
51712
51776
51840
51968
52032
52032
52096
52160
52224
52288
52352
52416
52416
52416
52480
52544
52544
52608
52672
52736
52800
52864
52864
52928
52928
52992
52992
52992
52992
52992
52992
53056
53056
53056
53120
53120
53184
53184
53248
53312
53376
53376
53440
53504
53568
53632
53696
53760
53824
53888
53888
53952
53952
54016
54016
54080
54080
54080
54080
54144
54144
54144
54208
54208
54208
54208
54272
54272
54272
54336
54336
54336
54336
54336
54400
54400
54464
54464
54528
54528
54528
54592
54592
54592
54592
54656
54656
54720
54720
54720
54720
54784
54784
54848
54848
54848
54912
54912
54976
54976
54976
55040
55104
55104
55104
55168
55168
55168
55168
55168
55168
55168
55232
55232
55232
55232
55232
55232
55232
55296
55296
55296
55296
55296
55360
55360
55360
55360
55360
55424
55424
55424
55424
55424
55488
55488
55488
55488
55552
55552
55552
55616
55616
55616
55616
55680
55680
55680
55680
55744
55744
55744
55680
55680
55744
55744
55744
55808
55808
55872
55872
55872
55936
55936
56000
56064
56128
56192
56256
56384
56448
56448
56576
56640
56704
56832
57024
57152
57216
57344
57536
57664
57792
57856
57920
57984
57984
58048
58048
58048
58048
58048
58048
58112
58112
58240
58304
58496
58624
58880
59136
59264
59520
59840
60224
60608
61056
61504
61952
62208
62720
63168
63552
63872
64064
64128
64064
64064
64000
63936
63936
63936
63936
63936
63936
63936
63936
63936
63936
63936
63936
63936
64000
64000
64064
64128
64192
64320
64384
64448
64576
64704
64768
64896
64896
64960
64960
64960
64960
65024
65088
65088
65152
65216
65280
65280
65344
65408
0
0
64
64
128
128
192
192
256
256
256
320
320
384
384
448
448
512
576
640
640
704
768
832
896
960
1024
1024
1152
1216
1216
1344
1472
1536
1664
1792
1792
1920
1920
1984
2048
2048
2112
2176
2176
2240
2304
2304
2368
2432
2496
2560
2560
2688
2752
2752
2816
2816
2880
2944
3008
3072
3136
3200
3264
3328
3328
3456
3456
3456
3456
3456
3520
3648
3712
3840
3968
4032
4160
4224
4352
4416
4480
4480
4544
4544
4608
4608
4608
4672
4672
4736
4736
4800
4800
4864
4928
4992
5056
5120
5248
5248
5376
5504
5568
5696
5824
5888
6016
6080
6208
6400
6464
6656
6848
6976
7296
7424
7744
8192
8384
8896
9472
9792
10432
11008
11648
12096
12288
12544
12608
12608
12480
12352
12224
12160
12096
12096
12096
12160
12160
12224
12288
12288
12352
12416
12416
12480
12544
12608
12672
12736
12800
12928
12992
13056
13120
13184
13248
13312
13376
13376
13440
13504
13504
13568
13568
13632
13632
13696
13696
13696
13760
13760
13824
13824
13824
13888
13888
13888
13888
13952
13952
14016
14016
14080
14144
14208
14272
14336
14464
14528
14592
14656
14720
14720
14720
14720
14784
14784
14784
14784
14848
14848
14848
14912
14912
14912
14976
14976
14976
15040
15040
15040
15104
15104
15168
15168
15168
15168
15168
15168
15232
15232
15232
15296
15296
15296
15360
15360
15424
15424
15488
15488
15488
15552
15552
15552
15616
15616
15616
15680
15680
15680
15680
15680
15744
15744
15744
15808
15808
15808
15808
15872
15872
15872
15872
15936
15936
15936
15936
15936
16000
16000
16000
16000
16000
16064
16064
16064
16064
16128
16128
16128
16128
16128
16192
16192
16192
16256
16256
16256
16256
16320
16320
16320
16384
16384
16384
16384
16448
16448
16448
16448
16448
16512
16512
16512
16576
16576
16576
16576
16640
16640
16640
16640
16704
16768
16768
16832
16896
16960
17024
17024
17152
17216
17216
17344
17536
17664
17856
17984
18176
18304
18368
18432
18560
18624
18624
18624
18624
18624
18624
18624
18624
18624
18688
18752
18816
18880
18944
19136
19328
19520
19776
20032
20160
20416
20736
21056
21440
21888
22336
22848
23104
23616
24064
24512
24832
25024
25088
25088
25024
25024
24960
24960
24960
24960
24960
24960
24960
24960
24960
24960
24960
24960
25024
25024
25024
25088
25152
25216
25280
25344
25408
25536
25664
25728
25856
25920
25984
26048
26048
26112
26112
26176
26176
26240
26304
26304
26304
26368
26432
26432
26496
26560
26624
26624
26688
26752
26816
26944
27008
27072
27136
27200
27264
27328
27392
27392
27456
27520
27520
27584
27712
27776
27968
28160
28288
28352
28544
28672
28736
28736
28800
28800
28800
28800
28864
28928
28992
29056
29120
29120
29184
29248
29312
29376
29440
29568
29632
29760
29824
29888
29952
30016
30080
30144
30208
30208
30272
30272
30272
30272
30336
30464
30592
30656
30784
30912
31104
31168
31296
31360
31360
31360
31424
31424
31424
31424
31424
31488
31488
31552
31616
31680
31808
31936
32064
32128
32320
32448
32640
32832
32960
33152
33344
33408
33664
33920
34240
34624
35072
35584
35904
36480
37120
37760
38336
38784
39104
39232
39232
39232
39104
39040
38912
38848
38784
38720
38720
38784
38784
38848
38912
38976
39040
39104
39168
39232
39360
39424
39488
39552
39616
39616
39680
39744
39744
39808
39808
39808
39872
39872
39936
40000
40064
40128
40192
40192
40256
40320
40384
40384
40384
40448
40448
40448
40448
40448
40448
40448
40448
40512
40512
40512
40576
40640
40768
40832
40960
41024
41088
41216
41280
41280
41280
41280
41280
41344
41344
41344
41344
41344
41344
41408
41408
41408
41472
41472
41536
41536
41536
41600
41600
41600
41664
41664
41728
41728
41728
41728
41792
41792
41792
41792
41792
41792
41856
41856
41856
41920
41920
41984
41984
41984
42048
42048
42112
42112
42112
42176
42176
42176
42240
42240
42240
42304
42304
42304
42368
42368
42368
42368
42368
42432
42432
42432
42432
42496
42496
42496
42496
42560
42560
42560
42560
42624
42624
42624
42624
42688
42688
42688
42688
42688
42752
42752
42752
42752
42816
42816
42816
42816
42880
42880
42880
42880
42944
42944
42944
43008
43008
43008
43072
43072
43072
43072
43136
43136
43200
43200
43200
43200
43264
43264
43264
43264
43328
43328
43392
43392
43456
43456
43520
43584
43648
43776
43840
44032
44096
44224
44416
44608
44800
44928
45056
45120
45184
45248
45312
45312
45312
45312
45312
45312
45312
45312
45312
45376
45440
45568
45632
45824
45952
46144
46400
46720
46976
47360
47488
47936
48384
48896
49408
49920
50432
50688
51072
51392
51520
51520
51456
51392
51264
51200
51136
51072
51072
51136
51136
51136
51200
51200
51264
51264
51328
51392
51392
51456
51456
51520
51520
51584
51648
51776
51840
51968
52032
52160
52224
52288
52352
52416
52480
52480
52544
52544
52608
52608
52672
52736
52736
52800
52800
52864
52928
52992
53056
53056
53120
53184
53248
53248
53312
53376
53440
53504
53568
53632
53696
53760
53824
53952
53952
54016
54144
54208
54336
54464
54592
54720
54848
54912
55040
55104
55104
55104
55104
55104
55104
55168
55232
55296
55360
55424
55488
55552
55552
55616
55680
55744
55808
55872
56000
56000
56064
56128
56192
56256
56320
56448
56512
56576
56640
56704
56640
56640
56704
56768
56832
56960
57024
57152
57280
57408
57536
57600
57600
57664
57664
57664
57664
57664
57728
57728
57792
57856
57920
58048
58176
58304
58496
58560
58752
58944
59136
59328
59456
59648
59840
59968
60224
60544
60928
61376
61824
62400
62720
63360
63936
64512
64896
65152
65216
65216
65152
65024
64896
64768
64640
64640
64640
64704
64768
64832
64896
64960
65088
65088
65152
65216
65216
65280
65280
65344
65344
65408
65472
0
0
64
64
128
192
192
256
320
384
384
448
512
512
576
576
640
640
640
704
704
704
704
704
768
768
768
768
832
832
832
832
896
896
896
960
960
1024
1024
1088
1216
1216
1280
1344
1408
1472
1472
1536
1536
1536
1600
1600
1600
1664
1664
1664
1728
1728
1728
1792
1792
1792
1856
1856
1920
1920
1920
1984
1984
1984
2048
2048
2048
2112
2112
2176
2176
2176
2240
2240
2240
2240
2304
2304
2304
2368
2368
2368
2432
2432
2432
2432
2496
2496
2496
2560
2560
2624
2624
2624
2688
2688
2688
2688
2688
2752
2752
2752
2816
2816
2816
2816
2816
2880
2880
2880
2880
2880
2944
2944
2944
2944
3008
3008
3008
3008
3008
3072
3072
3072
3072
3072
3136
3136
3136
3136
3136
3200
3200
3200
3200
3264
3264
3264
3264
3264
3328
3328
3328
33
