 14528
 14656
 14720
 14848
 14976
 15040
 15104
 15168
 15232
 15296
 15296
 15360
 15424
 15488
 15488
 15616
 15616
 15680
 15744
 15808
 15872
 15872
 15936
 16000
 16000
 16064
 16128
 16192
 16192
 16256
 16320
 16320
 16384
 16448
 16448
 16512
 16576
 16576
 16640
 16640
 16704
 16768
 16832
 16832
 16896
 16960
 17024
 17024
 17088
 17152
 17216
 17280
 17280
 17344
 17344
 17408
 17472
 17472
 17472
 17536
 17600
 17600
 17600
 17664
 17728
 17728
 17792
 17856
 17856
 17920
 17984
 17984
 18048
 18112
 18176
 18176
 18240
 18240
 18304
 18368
 18368
 18432
 18496
 18560
 18560
 18624
 18688
 18688
 18752
 18816
 18880
 18944
 19008
 19072
 19200
 19328
 19456
 19584
 19776
 19840
 19968
 20160
 20352
 20608
 20864
 21120
 21376
 21568
 21952
 22336
 22784
 23232
 23680
 24064
 24256
 24576
 24768
 24896
 24896
 24896
 24896
 24832
 24832
 24832
 24832
 24832
 24832
 24832
 24832
 24832
 24832
 24832
 24832
 24896
 24896
 24896
 24896
 24896
 24960
 24960
 25024
 25088
 25152
 25216
 25280
 25344
 25472
 25536
 25664
 25728
 25792
 25856
 25920
 25920
 25984
 25984
 25984
 26048
 26112
 26112
 26176
 26240
 26304
 26432
 26496
 26560
 26688
 26688
 26752
 26816
 26880
 26944
 27008
 27072
 27072
 27136
 27200
 27264
 27328
 27392
 27456
 27520
 27584
 27648
 27712
 27776
 27840
 27904
 28032
 28096
 28160
 28288
 28352
 28480
 28544
 28608
 28608
 28672
 28672
 28736
 28800
 28800
 28864
 28928
 28992
 29056
 29120
 29120
 29184
 29248
 29312
 29312
 29376
 29440
 29504
 29568
 29568
 29632
 29696
 29696
 29760
 29760
 29824
 29824
 29888
 29888
 29952
 29952
 29888
 29888
 29952
 30016
 30080
 30144
 30208
 30272
 30336
 30400
 30400
 30464
 30464
 30464
 30464
 30528
 30528
 30592
 30592
 30656
 30656
 30720
 30720
 30784
 30784
 30848
 30912
 30912
 30912
 30976
 31040
 31040
 31104
 31104
 31168
 31168
 31168
 31232
 31232
 31296
 31296
 31360
 31360
 31424
 31424
 31488
 31552
 31616
 31616
 31680
 31744
 31744
 31808
 31808
 31872
 31936
 31936
 32000
 32064
 32128
 32192
 32320
 32448
 32512
 32704
 32832
 32896
 33024
 33152
 33344
 33472
 33664
 33856
 33920
 34112
 34368
 34624
 34944
 35136
 35456
 35712
 35904
 36160
 36544
 36800
 37056
 37312
 37504
 37568
 37632
 37632
 37632
 37632
 37632
 37632
 37632
 37632
 37632
 37632
 37632
 37632
 37696
 37696
 37696
 37760
 37824
 37888
 37952
 38016
 38144
 38208
 38272
 38400
 38528
 38592
 38656
 38720
 38784
 38784
 38848
 38912
 38912
 38976
 39040
 39040
 39104
 39104
 39168
 39232
 39360
 39424
 39488
 39552
 39616
 39680
 39808
 39872
 39936
 40000
 40064
 40128
 40128
 40192
 40256
 40384
 40384
 40448
 40576
 40576
 40704
 40768
 40896
 40960
 41088
 41216
 41344
 41344
 41472
 41536
 41600
 41600
 41664
 41728
 41728
 41792
 41856
 41920
 41984
 42048
 42112
 42176
 42240
 42304
 42432
 42496
 42560
 42624
 42688
 42688
 42752
 42752
 42816
 42880
 42880
 42880
 42944
 42944
 43008
 43072
 43072
 43136
 43136
 43200
 43200
 43264
 43328
 43392
 43392
 43456
 43520
 43520
 43584
 43584
 43648
 43712
 43712
 43776
 43776
 43840
 43840
 43904
 43968
 44032
 44096
 44096
 44160
 44224
 44224
 44288
 44352
 44352
 44416
 44416
 44480
 44480
 44544
 44544
 44608
 44672
 44672
 44736
 44736
 44800
 44864
 44928
 44992
 45056
 45120
 45120
 45184
 45248
 45312
 45376
 45440
 45504
 45632
 45632
 45760
 45888
 46016
 46208
 46400
 46592
 46656
 46848
 47040
 47296
 47552
 47872
 48192
 48576
 48768
 49216
 49664
 50112
 50496
 50880
 51072
 51136
 51200
 51200
 51136
 51072
 51008
 50944
 50944
 50944
 51008
 51008
 51008
 51008
 51008
 51072
 51072
 51072
 51072
 51136
 51136
 51200
 51200
 51264
 51264
 51328
 51392
 51456
 51520
 51648
 51712
 51712
 51776
 51904
 51968
 52032
 52032
 52096
 52160
 52160
 52224
 52224
 52288
 52352
 52352
 52416
 52480
 52544
 52608
 52672
 52800
 52864
 52928
 52992
 52992
 53056
 53120
 53184
 53248
 53312
 53312
 53376
 53440
 53504
 53504
 53632
 53696
 53760
 53824
 53824
 53952
 53952
 54080
 54144
 54208
 54336
 54336
 54464
 54528
 54656
 54720
 54784
 54848
 54848
 54912
 54912
 54976
 55040
 55104
 55104
 55168
 55168
 55168
 55168
 55232
 55296
 55360
 55488
 55552
 55552
 55616
 55680
 55744
 55744
 55808
 55808
 55808
 55872
 55936
 55936
 56000
 56000
 56064
 56064
 56064
 56128
 56192
 56192
 56256
 56320
 56320
 56384
 56384
 56448
 56448
 56512
 56448
 56448
 56448
 56512
 56576
 56640
 56704
 56832
 56896
 56896
 56896
 56960
 56960
 57024
 57088
 57088
 57152
 57152
 57152
 57216
 57216
 57216
 57280
 57280
 57344
 57344
 57408
 57408
 57472
 57536
 57600
 57600
 57600
 57664
 57664
 57728
 57728
 57792
 57792
 57792
 57856
 57856
 57920
 57984
 58048
 58176
 58240
 58240
 58368
 58432
 58496
 58560
 58688
 58752
 58880
 58944
 59008
 59136
 59200
 59328
 59456
 59584
 59648
 59776
 59904
 60096
 60288
 60544
 60800
 61120
 61248
 61632
 62016
 62464
 62848
 63232
 63552
 63680
 63872
 63936
 63936
 63936
 63872
 63744
 63744
 63680
 63680
 63680
 63680
 63744
 63744
 63808
 63808
 63872
 63936
 63936
 64000
 64064
 64128
 64128
 64192
 64256
 64320
 64384
 64448
 64512
 64576
 64640
 64704
 64768
 64832
 64896
 64960
 65024
 65024
 65088
 65088
 65152
 65216
 65280
 65280
 65344
 65408
 65472
 64
 64
 192
 192
 256
 384
 384
 512
 512
 576
 640
 704
 768
 832
 832
 896
 896
 1024
 1024
 1088
 1152
 1280
 1344
 1408
 1536
 1664
 1728
 1792
 1856
 1984
 2048
 2112
 2176
 2176
 2176
 2176
 2240
 2304
 2368
 2368
 2432
 2560
 2560
 2688
 2752
 2816
 2880
 2880
 2944
 3008
 3008
 3072
 3136
 3136
 3200
 3264
 3264
 3328
 3328
 3392
 3456
 3456
 3520
 3520
 3584
 3584
 3648
 3648
 3712
 3712
 3776
 3776
 3840
 3840
 3904
 3904
 3968
 4032
 4032
 4096
 4096
 4160
 4224
 4224
 4288
 4352
 4352
 4416
 4416
 4480
 4480
 4544
 4544
 4608
 4608
 4672
 4736
 4736
 4736
 4800
 4800
 4800
 4864
 4864
 4928
 4928
 4928
 4992
 5056
 5056
 5120
 5184
 5248
 5248
 5312
 5376
 5376
 5440
 5440
 5504
 5504
 5504
 5568
 5568
 5632
 5696
 5760
 5760
 5888
 5952
 6080
 6144
 6208
 6336
 6464
 6528
 6656
 6720
 6848
 6976
 7040
 7232
 7360
 7424
 7616
 7808
 7936
 8192
 8320
 8640
 8960
 9152
 9536
 9920
 10112
 10560
 10944
 11264
 11520
 11648
 11712
 11712
 11648
 11648
 11648
 11648
 11648
 11648
 11648
 11648
 11648
 11648
 11648
 11648
 11648
 11648
 11712
 11712
 11712
 11712
 11712
 11712
 11776
 11840
 11904
 11968
 12032
 12160
 12288
 12416
 12480
 12608
 12672
 12736
 12800
 12800
 12864
 12864
 12864
 12928
 12928
 12992
 13056
 13056
 13120
 13120
 13184
 13248
 13312
 13376
 13504
 13568
 13632
 13696
 13760
 13888
 13952
 14016
 14080
 14144
 14144
 14208
 14272
 14336
 14400
 14464
 14464
 14592




