57344
57344
57344
57344
57344
57408
57408
57408
57408
57472
57472
57472
57472
57536
57536
57536
57536
57600
57600
57600
57600
57600
57600
57664
57664
57664
57664
57664
57728
57728
57728
57728
57792
57792
57792
57792
57856
57920
57984
58048
58112
58176
58240
58368
58432
58496
58624
58688
58752
58752
58816
58880
58944
59008
59072
59200
59264
59328
59456
59648
59776
59840
60032
60096
60288
60544
60864
61248
61696
62272
62912
63232
63872
64448
64960
65344
0
0
64
0
0
65472
65472
65408
65344
65344
65472
0
64
192
320
512
640
768
1088
1472
1600
1984
2240
2624
3008
3136
3456
3712
3840
3968
3968
4032
4032
4032
4032
4032
4096
4096
4160
4224
4352
4352
4544
4672
4736
4864
4992
5056
5120
5120
5184
5184
5184
5184
5184
5184
5248
5248
5248
5248
5248
5312
5312
5312
5312
5312
5312
5312
5376
5376
5376
5376
5376
5376
5376
5376
5376
5440
5440
5440
5440
5440
5440
5440
5504
5504
5504
5504
5504
5504
5568
5568
5568
5632
5632
5696
5824
5888
5952
6080
6208
6272
6400
6464
6592
6720
6784
6848
6976
6976
7104
7232
7232
7360
7424
7552
7680
7744
7936
8128
8256
8448
8576
8832
9152
9280
9664
10048
10240
10624
10944
11264
11520
11648
11648
11648
11648
11648
11584
11584
11584
11584
11584
11584
11648
11648
11648
11648
11648
11648
11648
11648
11648
11712
11712
11712
11712
11776
11776
11840
11904
11968
12096
12160
12224
12288
12352
12416
12416
12480
12544
12608
12608
12672
12672
12736
12800
12864
12928
12928
12992
13056
13120
13248
13312
13376
13440
13504
13632
13696
13760
13888
13952
14016
14016
14080
14144
14208
14272
14336
14400
14464
14464
14528
14592
14656
14720
14784
14848
14912
14976
15040
15104
15168
15232
15296
15360
15424
15488
15552
15616
15680
15680
15744
15808
15808
15872
15872
15872
15872
15936
15936
16000
16064
16128
16192
16192
16192
16256
16256
16256
16320
16320
16384
16384
16448
16448
16448
16512
16512
16576
16576
16576
16576
16640
16640
16704
16704
16704
16768
16768
16768
16768
16832
16832
16832
16832
16896
16896
16896
16896
16896
16896
16896
16896
16960
16960
16960
16960
16960
17024
17024
17024
17088
17088
17088
17152
17216
17216
17280
17280
17344
17344
17408
17408
17408
17472
17472
17472
17472
17536
17536
17536
17600
17600
17600
17664
17664
17664
17728
17728
17728
17728
17792
17792
17792
17792
17792
17856
17856
17856
17856
17856
17920
17920
17920
17984
17984
17984
17984
18048
18048
18048
18048
18048
18048
18112
18112
18112
18112
18176
18176
18176
18176
18176
18240
18240
18240
18240
18240
18304
18304
18304
18304
18368
18368
18368
18432
18432
18496
18560
18624
18688
18688
18752
18880
18944
19008
19072
19136
19200
19200
19264
19264
19328
19328
19392
19392
19456
19456
19584
19648
19776
19840
20032
20096
20288
20480
20736
20992
21312
21696
22144
22400
22976
23488
24064
24576
25088
25536
25664
25984
26112
26240
26240
26240
26240
26240
26304
26368
26496
26688
26880
27136
27456
27648
28032
28416
28736
29056
29376
29568
29696
29888
30080
30208
30336
30400
30464
30528
30528
30592
30656
30720
30848
30912
30976
31040
31104
31168
31232
31296
31296
31360
31360
31424
31424
31488
31552
31552
31616
31616
31680
31680
31680
31680
31744
31744
31744
31744
31744
31744
31744
31744
31808
31808
31808
31808
31808
31808
31872
31872
31872
31872
31872
31936
31936
32000
32064
32128
32192
32256
32320
32384
32448
32576
32704
32832
32896
33024
33216
33344
33536
33664
33920
33984
34176
34432
34688
34944
35264
35520
35840
36032
36416
36736
37056
37312
37504
37632
37632
37696
37632
37568
37568
37504
37504
37504
37504
37504
37504
37504
37568
37568
37632
37632
37632
37696
37760
37760
37824
37824
37888
37888
37952
38016
38080
38080
38144
38208
38208
38336
38336
38464
38464
38528
38592
38592
38656
38656
38656
38720
38720
38784
38848
38912
38976
39104
39168
39232
39360
39360
39424
39488
39552
39616
39680
39744
39872
39872
39936
40064
40128
40192
40320
40384
40384
40448
40512
40512
40576
40576
40640
40640
40704
40768
40896
40960
41024
41088
41152
41152
41216
41344
41408
41472
41536
41600
41600
41664
41664
41728
41792
41856
41920
41920
41984
42048
42048
42112
42176
42240
42240
42304
42304
42368
42368
42432
42432
42432
42496
42496
42560
42560
42624
42624
42624
42688
42688
42752
42752
42752
42752
42816
42816
42816
42880
42880
42880
42880
42944
42944
42944
43008
43008
43008
43008
43072
43072
43072
43072
43072
43136
43136
43136
43136
43136
43136
43200
43200
43200
43200
43264
43264
43264
43328
43328
43392
43392
43456
43456
43520
43520
43584
43584
43648
43648
43648
43648
43712
43712
43712
43776
43776
43840
43840
43840
43904
43904
43904
43968
43968
43968
43968
43968
44032
44032
44032
44096
44096
44096
44096
44096
44160
44160
44160
44160
44224
44224
44224
44224
44288
44288
44288
44288
44288
44352
44352
44352
44352
44352
44416
44416
44416
44416
44480
44480
44480
44480
44544
44544
44544
44544
44608
44608
44672
44672
44672
44736
44736
44800
44800
44864
44928
44992
44992
45056
45184
45248
45312
45440
45504
45568
45632
45760
45824
45952
46016
46144
46144
46272
46400
46528
46720
46912
47104
47360
47552
47872
48192
48640
49088
49600
50112
50368
50816
51136
51392
51520
51584
51584
51520
51520
51520
51520
51584
51648
51712
51840
51904
52032
52224
52544
52864
53184
53568
53696
54080
54464
54848
55104
55424
55616
55744
55872
56000
56128
56192
56192
56192
56256
56256
56320
56384
56512
56640
56768
56896
56960
57088
57152
57216
57280
57280
57344
57344
57344
57344
57408
57408
57472
57472
57472
57536
57536
57536
57600
57600
57600
57600
57664
57664
57664
57664
57664
57664
57664
57728
57728
57728
57728
57792
57792
57792
57792
57792
57856
57856
57920
57920
57984
58048
58048
58112
58240
58304
58432
58560
58752
58880
59008
59200
59392
59584
59840
60096
60352
60480
60736
61056
61312
61568
61888
62144
62336
62592
62848
63040
63168
63232
63296
63296
63232
63232
63232
63296
63296
63296
63296
63296
63296
63296
63296
63360
63360
63360
63424
63424
63488
63552
63552
63616
63744
63808
63872
63936
64000
64064
64128
64192
64192
64256
64256
64256
64320
64320
64384
64448
64448
64448
64512
64576
64640
64640
64704
64768
64832
64832
64896
65024
65088
65152
65216
65216
65344
65408
65472
0
0
64
64
128
128
192
256
320
320
384
448
512
576
640
704
768
832
960
1024
1088
1088
1152
1152
1216
1216
1216
1216
1216
1280
1280
1344
1408
1472
1536
1600
1664
1728
1856
1920
1920
2048
2112
2112
2176
2176
2304
2304
2304
2368
2432
2432
2368
2368
2432
2496
2496
2560
2624
2624
2688
2752
2752
2816
2816
2816
2880
2880
2944
2944
2944
3008
3008
3008
3072
3072
3072
3136
3136
3136
3200
3200
3200
3200
3264
3264
3264
3264
3328
3328
3328
3328
3392
3392
3392
3392
3456
3456
3456
3456
3456
3456
3456
3456
3520
3520
3520
3520
3520
3520
3584
3584
3584
3584
3648
3648
3648
3712
3712
3776
3776
3776
3840
3840
3840
3904
3904
3968
3968
3968
4032
4032
4032
4032
4096
4096
4096
4160
4160
4224
4224
4224
4288
4288
4288
4352
4352
4352
4352
4352
4416
4416
4416
4416
4480
4352
4352
4352
4352
4416
4480
4544
4544
4608
4608
4672
4672
4672
4672
4672
4672
4736
4736
4736
4736
4736
4736
4736
4800
4800
4800
4800
4800
4800
4800
4800
4864
4864
4864
4864
4928
4928
4928
4928
4928
4928
4992
4992
4992
5056
5056
5056
5056
5120
5184
5184
5248
5248
5248
5312
5376
5440
5504
5568
5632
5696
5760
5824
5952
5952
6080
6080
6208
6272
6336
6400
6528
6592
6720
6848
6912
7104
7168
7360
7616
7744
8000
8384
8576
8960
9216
9728
10240
10752
11008
11392
11776
12032
12160
12160
12160
12160
12160
12160
12224
12288
12352
12544
12736
12800
13120
13440
13824
14208
14592
15040
15232
15488
15680
15872
16000
16128
16256
16320
16384
16448
16576
16768
16896
17024
17216
17280
17472
17600
17728
17792
17792
17792
17856
17856
17856
17856
17920
17920
17920
17984
17984
18048
18048
18112
18176
18176
18176
18240
18240
18304
18304
18304
18304
18304
18304
18304
18368
18368
18368
18368
18368
18432
18432
18432
18432
18432
18432
18496
18496
18496
18496
18560
18560
18624
18688
18752
18752
18880
18944
19072
19200
19328
19456
19648
19712
19840
20032
20160
20352
20544
20736
20864
21120
21376
21632
22016
22336
22720
22912
23296
23680
24000
24256
24448
24512
24576
24576
24512
24512
24512
24512
24512
24512
24512
24512
24512
24512
24512
24512
24512
24512
24512
24576
24576
24576
24640
24640
24704
24768
24832
24896
24960
25088
25152
25216
25280
25344
25408
25408
25472
25472
25472
25472
25536
25536
25600
25664
25728
25792
25856
25856
25920
25984
26048
26112
26176
26240
26304
26368
26496
26560
26624
26752
26816
26944
27008
27072
27136
27200
27264
27328
27392
27392
27456
27456
27520
27584
27648
27712
27712
27840
27840
27904
27968
28096
28096
28160
28160
28224
28288
28352
28416
28416
28544
28544
28608
28672
28736
28800
28864
28928
28928
28992
29056
29056
29120
29184
29184
29248
29248
29312
29312
29376
29376
29440
29504
29504
29504
29568
29568
29568
29504
29568
29568
29632
29632
29696
29760
29760
29760
29824
29824
29824
29888
29888
29888
29952
29952
29952
29952
30016
30016
30016
30016
30080
30080
30080
30080
30080
30144
30144
30144
30144
30144
30208
30208
30208
30208
30272
30272
30272
30336
30336
30400
30400
30400
30464
30528
30528
30528
30592
30592
30592
30592
30656
30656
30656
30720
30720
30720
30784
30784
30848
30848
30848
30912
30912
30912
30912
30976
30976
30976
31040
31040
31040
31104
31104
31104
31104
31104
31168
31168
31168
31168
31232
31232
31232
31232
31232
31296
31296
31296
31296
31296
31296
31360
31360
31360
31360
31360
31360
31424
31424
31424
31424
31488
31488
31488
31552
31552
31552
31616
31616
31680
31680
31680
31744
31744
31808
31872
31936
32000
32064
32192
32256
32320
32448
32512
32576
32640
32704
32832
32896
33024
33088
33216
33280
33472
33600
33792
34048
34304
34560
34688
35136
35520
36032
36544
37056
37632
37888
38336
38720
38912
39040
39040
39040
38976
38976
38976
38976
39040
39040
39168
39296
39424
39680
40000
40320
40704
41088
41472
41728
42048
42432
42688
42880
43072
43136
43136
43136
43072
43136
43200
43328
43456
43584
43712
43904
44096
44224
44352
44480
44480
44544
44544
44544
44544
44544
44544
44608
44608
44608
44608
44672
44672
44736
44736
44800
44800
44800
44864
44864
44864
44864
44928
44928
44928
44928
44928
44928
44928
44992
44992
44992
44992
45056
45056
45056
45120
45120
45120
45184
45184
45248
45312
45376
45440
45504
45568
45696
45760
45888
46016
46208
46336
46464
46656
46848
47040
47296
47488
47744
47872
48128
48448
48768
49152
49536
49920
50112
50432
50624
50816
50880
50880
50816
50816
50816
50816
50816
50816
50816
50816
50816
50816
50816
50816
50880
50880
50880
50880
50944
50944
50944
50944
50944
51008
51072
51136
51136
51264
51328
51456
51520
51584
51648
51648
51712
51712
51776
51776
51840
51840
51840
51904
51968
51968
52032
52096
52160
52224
52224
52288
52352
52416
52544
52608
52672
52736
52800
52864
52928
53056
53120
53184
53184
53312
53376
53440
53504
53504
53568
53632
53632
53696
53760
53824
53888
53952
54016
54016
